function [W,Q] = quadrature(order)
Q=[-0.577350269189626 -0.577350269189626;
0.577350269189626 -0.577350269189626;
0.577350269189626 0.577350269189626;
-0.577350269189626 0.577350269189626;];

W=[1; 1; 1; 1;];
